833 143 1767 178 Title
48 258 1980 1107 Content
1984 745 2408 939 Adnotation
66 760 2476 1284 Content
864 833 1244 894 Content
562 878 1990 949 Content
1794 921 1973 952 Adnotation
2202 940 2525 999 Content
56 1224 2411 2091 Content
2216 1228 2439 1306 Content
2031 1272 2442 1360 Content
417 1338 593 1400 Content
80 1450 523 1599 Content
2042 1525 2524 2069 Content
267 1745 528 1812 Content
2292 1814 2521 1891 Content
28 1824 477 1975 Content
1589 1850 2004 1901 Content
1830 1962 2091 2034 Content
636 2054 2511 2359 Content
2064 2128 2523 2586 Content
22 2132 536 2702 Content
2380 2345 2501 2393 Content
679 2420 2042 2718 Content
186 2562 412 2623 PageNumber
411 2572 589 2631 PageNumber
