0.16650390625 0.07420494699646643 0.1806640625 0.036513545347467605 1.0
0.52490234375 0.0800942285041225 0.4267578125 0.3663133097762073 2.0
0.03662109375 0.25382803297997647 0.4306640625 0.6366313309776207 2.0
0.51123046875 0.4122497055359246 0.43798828125 0.13074204946996465 2.0
0.51953125 0.5276796230859835 0.427734375 0.18610129564193167 2.0
0.51611328125 0.682567726737338 0.43115234375 0.12897526501766787 2.0
0.513671875 0.7950530035335689 0.43408203125 0.10011778563015317 2.0
0.931640625 0.9187279151943463 0.01904296875 0.01648998822143699 4.0
0.359375 0.974676089517079 0.0263671875 0.022379269729092988 3.0
0.3113673805601318 0.03854166666666667 0.6688632619439868 0.05 1.0
0.10049423393739704 0.21145833333333333 0.757825370675453 0.07395833333333332 1.0
0.4085667215815486 0.40729166666666666 0.586490939044481 0.14687500000000003 2.0
0.014827018121911038 0.8416666666666667 0.4233937397034596 0.10729166666666667 3.0
0.2235294117647059 0.11969696969696969 0.5552941176470588 0.0903030303030303 1.0
0.7576470588235295 0.25303030303030305 0.1368627450980392 0.015757575757575748 0.0
0.11372549019607843 0.25333333333333335 0.16862745098039217 0.013030303030303003 0.0
0.4019607843137255 0.29818181818181816 0.19882352941176473 0.01606060606060611 2.0
0.2784313725490196 0.353030303030303 0.45176470588235296 0.016060606060606053 2.0
0.11372549019607843 0.3878787878787879 0.7819607843137254 0.2 2.0
0.11294117647058824 0.753030303030303 0.7819607843137255 0.13363636363636366 2.0
0.37247353224254093 0.033 0.2603464870067372 0.019999999999999997 1.0
0.14196342637151108 0.089 0.6958614051973051 0.07300000000000001 1.0
0.02165543792107796 0.18466666666666667 0.958614051973051 0.03666666666666665 1.0
0.5139557266602502 0.241 0.4826756496631376 0.3616666666666667 2.0
0.01010587102983638 0.244 0.4879692011549567 0.6906666666666667 2.0
0.5139557266602502 0.605 0.4692011549566891 0.16100000000000003 2.0
0.5076997112608277 0.772 0.47401347449470643 0.16166666666666663 2.0
0.02165543792107796 0.9653333333333334 0.02213666987487969 0.012333333333333307 4.0
0.5428296438883542 0.9653333333333334 0.4374398460057748 0.014333333333333309 3.0
0.0582010582010582 0.12225274725274725 1.0370370370370372 0.37774725274725274 2.0
0.015124016938898971 0.008130081300813009 0.969751966122202 0.01540436456996149 0.0
0.07683000604960677 0.06076166024818143 0.6358136721113128 0.029097133076593923 1.0
0.07622504537205081 0.09071459135643987 0.8493647912885662 0.337612323491656 2.0
0.30973986690865096 0.43988018827556696 0.23593466424682397 0.01326486949080019 2.0
0.07743496672716274 0.4668378262729996 0.19479733817301872 0.11981172443303384 2.0
0.1693889897156685 0.5156183140778776 0.3768905021173623 0.026101839965768092 2.0
0.1693889897156685 0.582798459563543 0.3768905021173623 0.0676080445014976 2.0
0.1572897761645493 0.6448438168592212 0.16152450090744103 0.029097133076593895 2.0
0.0780399274047187 0.6568249893025246 0.07138535995160315 0.023106546854942178 2.0
0.1693889897156685 0.6756525459991441 0.2413793103448276 0.03166452717158752 2.0
0.07743496672716274 0.7030380830124091 0.8433151845130066 0.23962344886606757 2.0
0.018753781004234724 0.9794608472400513 0.049001814882032674 0.012409071459135612 4.0
0.8590441621294616 0.9794608472400513 0.13006654567453124 0.012836970474967901 3.0
0.009005576208178437 0.04449852250999479 0.13777881040892193 0.014948722405701373 1.0
0.6617100371747212 0.04467234486354945 0.137546468401487 0.014601077698592039 1.0
0.43145910780669144 0.045193811924213456 0.12848513011152415 0.013036676516600034 1.0
0.5092936802973977 0.07700330262471754 0.4656133828996282 0.8569442030245089 2.0
0.022072490706319704 0.07752476968538154 0.46863382899628253 0.8539892230140796 2.0
0.6788235294117647 0.05574043261231281 0.23058823529411765 0.014143094841930116 0.0
0.10588235294117647 0.09983361064891846 0.7129411764705882 0.1821963394342762 1.0
0.15294117647058825 0.30782029950083195 0.7129411764705882 0.1281198003327787 2.0
0.10588235294117647 0.47753743760399336 0.8070588235294117 0.4068219633943428 2.0
0.10588235294117647 0.8685524126455907 0.8070588235294117 0.06655574043261231 3.0
0.2611764705882353 0.053636363636363635 0.4752941176470588 0.017272727272727273 1.0
0.2411764705882353 0.10818181818181818 0.5176470588235295 0.022727272727272728 1.0
0.5564705882352942 0.18272727272727274 0.31529411764705884 0.06363636363636363 0.0
0.16470588235294117 0.18363636363636363 0.2411764705882353 0.07727272727272727 0.0
0.08823529411764706 0.1990909090909091 0.8235294117647058 0.01818181818181818 1.0
0.09294117647058824 0.2827272727272727 0.8129411764705883 0.2772727272727273 2.0
0.09411764705882353 0.5781818181818181 0.8129411764705883 0.33636363636363636 2.0
0.8164705882352942 0.9272727272727272 0.08352941176470588 0.03272727272727273 3.0
0.08 0.9336363636363636 0.2376470588235294 0.025454545454545455 3.0
0.48823529411764705 0.9336363636363636 0.02588235294117647 0.012727272727272728 4.0
0.05654450261780105 0.05705128205128205 0.86282722513089 0.8839743589743589 2
0.4408376963350785 0.0125 0.1068062827225131 0.016666666666666666 1
0.007054673721340388 0.14285714285714285 0.9365079365079365 0.5961538461538461 2
0.024691358024691357 0.7815934065934066 0.9259259259259259 0.19917582417582416 2
0.24867724867724866 0.03983516483516483 0.43738977072310403 0.03708791208791209 1
-0.0023612750885478157 0.0055248618784530384 0.9728453364817001 0.996316758747698 2
0.015180265654648957 0.0019749835418038184 0.9558823529411765 0.9953917050691244 2
0.5092936802973977 0.07700330262471754 0.4656133828996282 0.8569442030245089 2
0.022072490706319704 0.07752476968538154 0.46863382899628253 0.8539892230140796 2
0.19005576208178437 0.04449852250999479 0.13777881040892193 0.014948722405701373 1
0.6617100371747212 0.04467234486354945 0.137546468401487 0.014601077698592039 1
0.43145910780669144 0.045193811924213456 0.12848513011152415 0.013036676516600034 4
0.12098298676748583 0.3299620733249052 0.7448015122873346 0.045512010113780026 2
0.11909262759924386 0.37926675094816686 0.7599243856332704 0.5398230088495575 2
0.7637051039697542 0.16308470290771176 0.11153119092627599 0.025284450063211124 1
0.45179584120982985 0.20101137800252844 0.42344045368620037 0.08596713021491782 1
0.4782608695652174 0.9620733249051833 0.04725897920604915 0.022756005056890013 4
-0.003432494279176201 0.24448705656759348 1.0045766590389016 0.3720038350910834 2
-0.003432494279176201 0.6452540747842761 0.9931350114416476 0.09395973154362416 2
-0.003432494279176201 0.7689357622243528 0.5411899313501144 0.07478427612655801 2
0.011441647597254004 0.8926174496644296 0.2414187643020595 0.04793863854266539 2
-0.003432494279176201 0.9760306807286673 0.5537757437070938 0.026845637583892617 3
0.7951945080091534 0.1457334611697028 0.20823798627002288 0.024928092042186004 2
-0.003432494279176201 -0.0028763183125599234 0.5411899313501144 0.1476510067114094 2
-0.003432494279176201 0.17066155321188878 0.37528604118993136 0.046021093000958774 1
0.02664576802507837 0.2562674094707521 0.9592476489028213 0.596100278551532 2
0.041779706999457406 0.03065134099616858 0.9598480737927293 0.4503657262277952 2
0.07867607162235486 0.4622082897944967 0.9229517091698318 0.4096133751306165 2
0.0385241454150841 0.5781957506095438 0.21432447097124255 0.06374085684430512 0
0.13316261203585147 0.0799364743250397 0.7925736235595391 0.7750132345156168 2
0.13188220230473752 0.8443620963472737 0.7880921895006402 0.11752249867654843 2
0.3175416133162612 0.07623080995235575 0.07874519846350832 0.018528321863419798 2
-0.002819548872180451 0.028376844494892167 0.5526315789473685 0.9750283768444948 2
0.5046992481203008 0.03518728717366629 0.49718045112781956 0.9262202043132803 2
0.09008097165991903 0.06148409893992933 0.8562753036437247 0.3088339222614841 2
0.8633603238866396 0.03462897526501767 0.08805668016194332 0.02756183745583039 4
0.07489878542510121 0.12104539202200826 0.8744939271255061 0.5570839064649243 2
0.14271255060728744 0.5962861072902338 0.7763157894736842 0.10110041265474554 2
0.12044534412955465 0.7558459422283357 0.6923076923076923 0.0639614855570839 2
0.7995951417004049 0.05364511691884457 0.18016194331983806 0.050206327372764786 0
0.06781376518218624 0.30612244897959184 0.8066801619433198 0.14795918367346939 2
0.09919028340080972 0.5728862973760933 0.7651821862348178 0.21209912536443148 2
0.2773279352226721 0.7762390670553936 0.590080971659919 0.04518950437317784 2
0.07894736842105263 0.06705539358600583 0.8461538461538461 0.09620991253644315 2
0.118 0.35526315789473684 0.744 0.02763157894736842 2
0.119 0.4131578947368421 0.741 0.07697368421052632 2
0.141 0.4888157894736842 0.344 0.019078947368421053 2
0.439 0.5546052631578947 0.398 0.03289473684210526 2
0.118 0.5842105263157895 0.749 0.2381578947368421 2
0.139 0.8585526315789473 0.72 0.060526315789473685 3
0.733 0.06578947368421052 0.118 0.03223684210526316 0
0.382 0.15921052631578947 0.215 0.019736842105263157 1
0.119 0.06578947368421052 0.192 0.031578947368421054 0
0.436 0.06578947368421052 0.109 0.015131578947368421 1
0.146 0.22039473684210525 0.696 0.028289473684210528 1
0.12 0.26513157894736844 0.742 0.060526315789473685 2
0.1279296875 0.08710562414266118 0.837890625 0.4060356652949246 2
0.123046875 0.37448559670781895 0.435546875 0.4787379972565158 2
0.5732421875 0.532235939643347 0.388671875 0.28600823045267487 2
0.576171875 0.06858710562414266 0.3779296875 0.08573388203017833 2
0.0361328125 0.07450444292549556 0.525390625 0.7737525632262474 2
0.552734375 0.07518796992481203 0.4482421875 0.773069036226931 2
-0.0029296875 0.08362128541810643 0.8271484375 0.8680027643400138 2
0.447265625 0.28680027643400136 0.482421875 0.18175535590877678 2
0.048828125 0.5051831375259157 0.919921875 0.2778161713890809 2
0.5439453125 0.9550794747753973 0.23046875 0.0414651002073255 3
0.0341796875 0.07994579945799458 0.9140625 0.3258807588075881 2
0.59375 0.2540650406504065 0.35546875 0.36449864498644985 2
0.0390625 0.37262872628726285 0.91015625 0.3157181571815718 2
0.185546875 0.6192411924119241 0.763671875 0.20663956639566394 2
0.1220703125 0.10719041278295606 0.46484375 0.7416777629826897 2
0.576171875 0.10785619174434088 0.38671875 0.7356857523302264 2
0.0751953125 0.618508655126498 0.087890625 0.02996005326231691 0
0.423828125 0.08639455782312926 0.5791015625 0.754421768707483 2
-0.0029296875 0.08775510204081632 0.43359375 0.7585034013605442 2
0.033846153846153845 0.3479349186483104 0.92 0.27784730913642053 2
0.018461538461538463 0.6032540675844806 0.9338461538461539 0.3078848560700876 2
-0.004615384615384616 0.010012515644555695 0.9615384615384616 0.35294117647058826 2
